name: carnd-term1
channels:
- conda-forge
- menpo
- defaults
dependencies:
- asn1crypto=0.22.0=py35_0
- ca-certificates=2017.7.27.1=0
- certifi=2017.7.27.1=py35_0
- cffi=1.10.0=py35_0
- click=6.7=py35_0
- colorama=0.3.9=py35_0
- cryptography=2.0.3=py35_0
- cycler=0.10.0=py35_0
- dask-core=0.15.4=py_0
- decorator=4.1.2=py35_0
- entrypoints=0.2.3=py35_1
- eventlet=0.21.0=py35_0
- flask=0.12.2=py35_0
- flask-socketio=2.9.2=py35_0
- freetype=2.7=vc14_1
- greenlet=0.4.12=py35_0
- h5py=2.7.1=py35_1
- hdf5=1.8.18=vc14_1
- icu=58.1=vc14_1
- idna=2.6=py35_1
- imageio=2.1.2=py35_0
- ipykernel=4.6.1=py35_0
- ipython=6.2.1=py35_0
- ipython_genutils=0.2.0=py35_0
- itsdangerous=0.24=py_2
- jedi=0.10.2=py35_0
- jinja2=2.9.6=py35_0
- jpeg=9b=vc14_1
- jsonschema=2.5.1=py35_0
- jupyter=1.0.0=py35_0
- jupyter_client=5.1.0=py35_0
- jupyter_console=5.2.0=py35_0
- jupyter_core=4.4.0=py_0
- libpng=1.6.28=vc14_1
- libtiff=4.0.7=vc14_0
- markupsafe=1.0=py35_0
- matplotlib=2.0.0=np111py35_2
- mistune=0.8=py35_0
- nbconvert=5.3.1=py_1
- nbformat=4.4.0=py35_0
- networkx=1.11=py35_0
- notebook=5.2.0=py35_1
- olefile=0.44=py35_0
- openssl=1.0.2l=vc14_0
- pandas=0.21.0=py35_0
- pandoc=2.0.0.1=1
- pandocfilters=1.4.1=py35_0
- patsy=0.4.1=py35_0
- pickleshare=0.7.4=py35_0
- pillow=4.3.0=py35_0
- pip=9.0.1=py35_0
- prompt_toolkit=1.0.15=py35_0
- pycparser=2.18=py35_0
- pygments=2.2.0=py35_0
- pyopenssl=17.2.0=py35_0
- pyparsing=2.2.0=py35_0
- python=3.5.2=5
- python-dateutil=2.6.1=py35_0
- python-engineio=1.7.0=py35_0
- python-socketio=1.8.1=py_0
- pytz=2017.3=py_1
- pywavelets=0.5.2=np111py35_0
- pyzmq=16.0.2=py35_2
- qt=4.8.7=vc14_7
- qtconsole=4.3.1=py35_0
- scikit-image=0.13.0=py35_3
- seaborn=0.8.1=py35_0
- setuptools=36.6.0=py35_1
- simplegeneric=0.8.1=py35_0
- sip=4.18=py35_1
- six=1.11.0=py35_1
- statsmodels=0.8.0=py35_0
- testpath=0.3.1=py35_0
- toolz=0.8.2=py_2
- tornado=4.5.2=py35_0
- traitlets=4.3.2=py35_0
- vc=14=0
- vs2015_runtime=14.0.25420=0
- wcwidth=0.1.7=py35_0
- webencodings=0.5=py35_0
- werkzeug=0.12.2=py_1
- wheel=0.30.0=py_1
- win_unicode_console=0.5=py35_0
- wincertstore=0.2=py35_0
- zlib=1.2.8=vc14_3
- backports=1.0=py35he88aa47_1
- backports.weakref=1.0rc1=py35_0
- bleach=1.5.0=py35_0
- html5lib=0.9999999=py35_0
- icc_rt=2017.0.4=h97af966_0
- intel-openmp=2018.0.0=hcd89f80_7
- keras=2.0.8=py35h15001cb_0
- libprotobuf=3.2.0=vc14_0
- markdown=2.6.9=py35_0
- mkl=2018.0.0=h36b65af_4
- numpy=1.11.3=py35h4fc39be_3
- protobuf=3.2.0=py35_0
- pyyaml=3.12=py35h4bf9689_1
- scikit-learn=0.19.1=py35h2037775_0
- scipy=0.19.1=py35h1e2829e_3
- tensorflow=1.2.1=py35_0
- yaml=0.1.7=hdd19a5b_2
- ffmpeg=2.7.0=0
- ipywidgets=5.1.5=py35_0
- opencv3=3.1.0=py35_0
- pyqt=4.11.4=py35_2
- widgetsnbextension=1.2.3=py35_1
- pip:
  - dask==0.15.4
  - enum34==1.1.6
  - ipython-genutils==0.2.0
  - jupyter-client==5.1.0
  - jupyter-console==5.2.0
  - jupyter-core==4.4.0
  - moviepy==0.2.3.2
  - prompt-toolkit==1.0.15
  - tensorflow-tensorboard==0.4.0rc2
  - theano==0.9.0
  - tqdm==4.11.2
  - win-unicode-console==0.5
prefix: C:\ProgramData\Anaconda3\envs\carnd-term1

